test_path:0501_0630_33_2_CoCoSoSpWiDuOt_S_REG_TEST_17.npz batch_size:128 optimizer_func:Adam learning rate:0.001

             precision    recall  f1-score   support

          0       0.73      0.01      0.02      8988
          1       0.34      0.08      0.13      9023
          2       0.48      0.36      0.41      5705
          3       0.85      0.28      0.43      8580
          4       0.36      0.41      0.38      7562
          5       0.31      0.05      0.08      8863
          6       0.19      0.92      0.32      7745

avg / total       0.47      0.28      0.24     56466

[[ 101  564  590   50 1923  276 5484]
 [   8  710  765  124  715  233 6468]
 [   3  249 2043   92  616  110 2592]
 [   3   90  442 2437  699   46 4863]
 [  21  136   88   36 3110  194 3977]
 [   2  259  117   20 1461  411 6593]
 [   0   54  194  125  198   38 7136]]



test_path:0501_1001_33_2_CoCoSoSpWiDuOt_S_REG_TEST_17.npz batch_size:128 optimizer_func:Adam learning rate:0.001

             precision    recall  f1-score   support

          0       0.70      0.74      0.72      9545
          1       0.60      0.74      0.66      9703
          2       0.68      0.42      0.52      7550
          3       0.75      0.63      0.68      9123
          4       0.50      0.57      0.54      8747
          5       0.59      0.59      0.59      9590
          6       0.69      0.71      0.70      9235

avg / total       0.64      0.63      0.63     63493

[[7046 1162  177   91  181  267  621]
 [ 971 7227  488  144  115  179  579]
 [ 877 2218 3149  255  224  198  629]
 [ 260  398  510 5737 1322  375  521]
 [ 320  207   55  371 5000 2497  297]
 [ 176  426   84  419 2566 5615  304]
 [ 450  447  180  664  517  451 6526]]



test_path:0501_0630_33_2_CoCoSoSpWiDuOt_LTG_REG_TEST_17.npz batch_size:128 optimizer_func:Adam learning rate:0.001

             precision    recall  f1-score   support

          0       0.42      0.28      0.34      9500
          1       0.38      0.35      0.36      9592
          2       0.43      0.43      0.43      7376
          3       0.66      0.59      0.62      9159
          4       0.45      0.56      0.50      8696
          5       0.44      0.49      0.46      9589
          6       0.57      0.69      0.62      9049

avg / total       0.48      0.48      0.48     62961

[[2693 2381  900  277 1247 1094  908]
 [1469 3329 1441  405  891 1399  658]
 [ 714 1201 3145  765   27  287 1237]
 [ 232  223 1159 5381  390  541 1233]
 [ 504  202  185  368 4837 2190  410]
 [ 517 1133   49   54 2881 4668  287]
 [ 330  265  366  877  465  513 6233]]



test_path:0501_1001_33_2_CoCoSoSpWiDuOt_LTG_REG_TEST_17.npz batch_size:128 optimizer_func:Adam learning rate:0.001

             precision    recall  f1-score   support

          0       0.76      0.63      0.69      9554
          1       0.62      0.74      0.67      9713
          2       0.63      0.54      0.58      7551
          3       0.75      0.63      0.69      9127
          4       0.46      0.44      0.45      8749
          5       0.46      0.47      0.46      9590
          6       0.58      0.73      0.65      9275

avg / total       0.61      0.60      0.60     63559

[[5999 1723  324  159  218  367  764]
 [ 760 7171  592   88  220  306  576]
 [ 227 1732 4081  211    4  309  987]
 [ 243  247 1119 5752  232  482 1052]
 [ 264  109   72  427 3850 3334  693]
 [ 153  205   14  292 3555 4507  864]
 [ 256  385  309  738  221  552 6814]]



